100 100
299 99
496 98
691 97
884 96
1075 95
1264 94
93 293
278 292
461 291
642 290
821 289
998 288
1173 287
1346 286
85 471
254 470
421 469
586 468
749 467
910 466
1069 465
1226 464
1381 463
76 632
227 631
376 630
523 629
668 628
811 627
952 626
1091 625
1228 624
1363 623
66 774
197 773
326 772
453 771
578 770
701 769
822 768
941 767
1058 766
1173 765
1286 764
1397 763
54 894
161 893
266 892
369 891
470 890
569 889
666 888
761 887
854 886
945 885
1034 884
1121 883
1206 882
1289 881
1370 880
1449 879
38 986
113 985
186 984
257 983
326 982
393 981
458 980
521 979
582 978
641 977
698 976
753 975
806 974
857 973
906 972
953 971
998 970
1041 969
1082 968
1121 967
1158 966
1193 965
1226 964
1257 963
1286 962
1313 961
1338 960
1361 959
1382 958
1401 957
1418 956
1433 955
1446 954
1457 953
1466 952
1473 951
1478 950
1481 949
