100 1000000000 0
807270500
348987715
237985356
597982555
986420434
341977883
405609224
935043463
470415493
778117416
124570055
593320031
301789325
375831453
614539655
496830144
592097143
510210768
550965142
924812325
59681694
770825817
573926363
40759135
466373347
352863982
503088158
510513481
770158623
265637496
243594099
354655774
331048291
50812599
104245375
440969817
468291851
591826308
990061155
443343701
912693625
547792379
885344891
840231855
367526305
156106701
343387575
645132412
9795989
218759429
622511085
729732963
305958462
938691893
314886238
400706107
251190769
830951312
876805933
421148283
384115751
341251588
468183062
253317945
966172102
676466792
62850901
970821872
867493970
344169091
868850663
77419547
512888829
896024370
267574949
742490986
628477346
351996491
200796345
143114393
524695974
59081526
464909009
568794902
539929361
955711499
737782896
660671575
709849948
787301382
638719407
678124263
167960300
520525720
490979320
183036520
650971392
24125068
827203881
680212309
