105534034
105534033
105534034
105534033
61269588
61269587
61269588
61269587
47920814
47920814
47920813
47920813
174770484
174770484
174770483
174770483
71555728
71555727
71555728
71555727
61491074
61491075
61491074
61491075
154939988
154939987
154939988
154939987
128032834
128032834
128032835
128032835
150878146
150878147
150878146
150878147
167931864
167931864
167931863
167931863
187637394
187637394
187637395
187637395
139833390
139833391
139833390
139833391
152233068
152233068
152233067
152233067
160664502
160664502
160664503
160664503
193260928
193260929
193260928
193260929
106911036
106911036
106911035
106911035
16390176
16390175
16390176
16390175
134266750
134266749
134266750
134266749
90081552
90081553
90081552
90081553
153761812
153761813
153761812
153761813
193146492
193146492
193146493
193146493
187354676
187354676
187354677
187354677
86861094
86861094
86861093
86861093
97504636
97504636
97504635
97504635
168011378
168011377
168011378
168011377
144529628
144529629
144529628
144529629
107720598
107720598
107720599
107720599
183332080
183332079
183332080
183332079
158790894
158790895
158790894
158790895
113284084
113284083
113284084
113284083
173402640
173402641
173402640
173402641
148520152
148520151
148520152
148520151
127901484
127901483
127901484
127901483
131425478
131425479
131425478
131425479
188932150
188932151
188932150
188932151
173972194
173972195
173972194
173972195
26914020
26914019
26914020
26914019
154702904
154702904
154702905
154702905
145335344
145335344
145335345
145335345
130415888
130415889
130415888
130415889
173707728
173707727
173707728
173707727
181746696
181746696
181746697
181746697
184498484
184498485
184498484
184498485
106653198
106653198
106653197
106653197
130933124
130933125
130933124
130933125
119800036
119800037
119800036
119800037
199543418
199543417
199543418
199543417
194723896
194723895
194723896
194723895
50707828
50707829
50707828
50707829
101954586
101954585
101954586
101954585
56392196
56392196
56392197
56392197
112112280
112112280
112112279
112112279
143075966
143075965
143075966
143075965
173253000
173253000
173253001
173253001
134148944
134148944
134148943
134148943
57100742
57100743
57100742
57100743
62910362
62910363
62910362
62910363
174207318
174207318
174207319
174207319
72561074
72561073
72561074
72561073
195397244
195397243
195397244
195397243
158359080
158359080
158359081
158359081
167711792
167711791
167711792
167711791
181720676
181720675
181720676
181720675
74745124
74745124
74745125
74745125
28447576
28447575
28447576
28447575
102337072
102337073
102337072
102337073
103720842
103720842
103720841
103720841
102636022
102636022
102636021
102636021
66366262
66366263
66366262
66366263
88872860
88872861
88872860
88872861
93848674
93848675
93848674
93848675
101727318
101727318
101727319
101727319
122745802
122745802
122745801
122745801
64896368
64896369
64896368
64896369
131231494
131231493
131231494
131231493
163019728
163019728
163019729
163019729
144969614
144969614
144969615
144969615
171399026
171399025
171399026
171399025
168961876
168961875
168961876
168961875
197505950
197505950
197505951
197505951
186099528
186099528
186099529
186099529
144022750
144022750
144022751
144022751
190442198
190442198
190442197
190442197
80587376
80587375
80587376
80587375
182118858
182118858
182118859
182118859
164343614
164343614
164343613
164343613
188095302
188095302
188095301
188095301
170818864
170818865
170818864
170818865
186821446
186821445
186821446
186821445
96302680
96302680
96302679
96302679
67800332
67800332
67800331
67800331
193624460
193624459
193624460
193624459
155372138
155372139
155372138
155372139
183221678
183221679
183221678
183221679
106027786
106027785
106027786
106027785
44953684
44953683
44953684
44953683
141993598
141993599
141993598
141993599
195079354
195079354
195079353
195079353
135591466
135591466
135591467
135591467
91994962
91994963
91994962
91994963
102449700
102449699
102449700
102449699
117540382
117540382
117540383
117540383
156718514
156718515
156718514
156718515
129051930
129051930
129051931
129051931
140704440
140704441
140704440
140704441
188946020
188946019
188946020
188946019
21905914
21905915
21905914
21905915
132501298
132501298
132501299
132501299
144176804
144176803
144176804
144176803
60943404
60943405
60943404
60943405
175921320
175921319
175921320
175921319
198130902
198130902
198130901
198130901
155869346
155869347
155869346
155869347
126542162
126542162
126542161
126542161
61849298
61849297
61849298
61849297
27366346
27366345
27366346
27366345
185315644
185315645
185315644
185315645
177080998
177080997
177080998
177080997
171897680
171897679
171897680
171897679
150043850
150043851
150043850
150043851
161273076
161273077
161273076
161273077
144530574
144530575
144530574
144530575
167148208
167148208
167148209
167148209
181098558
181098558
181098559
181098559
141840774
141840773
141840774
141840773
79309460
79309460
79309461
79309461
156828630
156828630
156828631
156828631
111917178
111917178
111917179
111917179
37668904
37668904
37668903
37668903
106701378
106701378
106701379
106701379
85322162
85322162
85322161
85322161
53033780
53033781
53033780
53033781
136855508
136855508
136855507
136855507
184763206
184763207
184763206
184763207
110551858
110551858
110551857
110551857
168723880
168723881
168723880
168723881
125613584
125613585
125613584
125613585
185906806
185906805
185906806
185906805
189200706
189200705
189200706
189200705
151608574
151608573
151608574
151608573
199281206
199281205
199281206
199281205
159384404
159384405
159384404
159384405
152149980
152149981
152149980
152149981
169281540
169281541
169281540
169281541
185349104
185349104
185349105
185349105
153083760
153083760
153083759
153083759
151233516
151233517
151233516
151233517
93919426
93919427
93919426
93919427
33351622
33351621
33351622
33351621
124653396
124653395
124653396
124653395
159143840
159143840
159143839
159143839
130329982
130329982
130329983
130329983
161243316
161243317
161243316
161243317
143295112
143295111
143295112
143295111
176331452
176331452
176331451
176331451
126719058
126719059
126719058
126719059
122582370
122582371
122582370
122582371
123182446
123182446
123182447
123182447
187413800
187413799
187413800
187413799
163235418
163235418
163235417
163235417
122297520
122297519
122297520
122297519
105627068
105627068
105627067
105627067
143872970
143872971
143872970
143872971
112666388
112666388
112666387
112666387
176793036
176793037
176793036
176793037
178154786
178154786
178154787
178154787
182672540
182672539
182672540
182672539
170826428
170826427
170826428
170826427
152024064
152024064
152024065
152024065
189147772
189147771
189147772
189147771
163028758
163028758
163028757
163028757
158660130
158660129
158660130
158660129
180286254
180286253
180286254
180286253
77319854
77319854
77319855
77319855
157609164
157609164
157609165
157609165
54351752
54351752
54351751
54351751
172034724
172034723
172034724
172034723
133107814
133107814
133107815
133107815
139778670
139778670
139778671
139778671
136321500
136321499
136321500
136321499
122641558
122641558
122641559
122641559
64967836
64967836
64967837
64967837
73288164
73288164
73288165
73288165
166071824
166071825
166071824
166071825
193577094
193577094
193577093
193577093
198816628
198816628
198816627
198816627
189130256
189130257
189130256
189130257
61820942
61820943
61820942
61820943
115271382
115271383
115271382
115271383
161606416
161606417
161606416
161606417
146932150
146932150
146932149
146932149
94668824
94668824
94668823
94668823
31769814
31769814
31769815
31769815
173687724
173687723
173687724
173687723
120073134
120073133
120073134
120073133
140361338
140361338
140361339
140361339
158751100
158751099
158751100
158751099
176978278
176978278
176978277
176978277
142628330
142628330
142628329
142628329
170748456
170748456
170748457
170748457
163476508
163476507
163476508
163476507
130172178
130172178
130172179
130172179
103514936
103514936
103514935
103514935
130674330
130674331
130674330
130674331
53753402
53753403
53753402
53753403
162314928
162314928
162314929
162314929
49943734
49943734
49943733
49943733
153252994
153252993
153252994
153252993
76841420
76841420
76841419
76841419
147361734
147361734
147361735
147361735
81105672
81105673
81105672
81105673
77675078
77675078
77675079
77675079
194158208
194158207
194158208
194158207
157835016
157835016
157835015
157835015
190099290
190099291
190099290
190099291
114922436
114922436
114922437
114922437
137221436
137221436
137221437
137221437
67977080
67977080
67977079
67977079
179350020
179350021
179350020
179350021
48099222
48099222
48099223
48099223
190305880
190305881
190305880
190305881
175134416
175134416
175134415
175134415
152611722
152611721
152611722
152611721
44526664
44526665
44526664
44526665
148080542
148080541
148080542
148080541
109384146
109384146
109384147
109384147
103759222
103759223
103759222
103759223
178932616
178932617
178932616
178932617
108521920
108521921
108521920
108521921
45634784
45634783
45634784
45634783
116997436
116997437
116997436
116997437
84882254
84882254
84882255
84882255
166110268
166110268
166110267
166110267
78113404
78113403
78113404
78113403
112691276
112691276
112691275
112691275
137001738
137001738
137001739
137001739
157171388
157171387
157171388
157171387
184907770
184907770
184907771
184907771
111398722
111398722
111398721
111398721
121093434
121093434
121093435
121093435
124524106
124524106
124524107
124524107
78102668
78102668
78102669
78102669
188144486
188144487
188144486
188144487
192499298
192499297
192499298
192499297
177681938
177681937
177681938
177681937
182969798
182969798
182969799
182969799
29808336
29808337
29808336
29808337
101544010
101544010
101544009
101544009
166908210
166908210
166908211
166908211
117218174
117218173
117218174
117218173
182569154
182569154
182569153
182569153
186856576
186856577
186856576
186856577
100103836
100103837
100103836
100103837
191615884
191615883
191615884
191615883
176675518
176675519
176675518
176675519
190152344
190152343
190152344
190152343
122043564
122043564
122043565
122043565
130320016
130320016
130320015
130320015
115504286
115504285
115504286
115504285
65755054
65755053
65755054
65755053
25654892
25654893
25654892
25654893
115043928
115043927
115043928
115043927
178243070
178243070
178243071
178243071
72160472
72160471
72160472
72160471
184025070
184025071
184025070
184025071
28086410
28086411
28086410
28086411
191622554
191622553
191622554
191622553
172016776
172016775
172016776
172016775
179086146
179086145
179086146
179086145
93076720
93076719
93076720
93076719
116350858
116350859
116350858
116350859
156930634
156930634
156930633
156930633
112006990
112006991
112006990
112006991
150138426
150138426
150138425
150138425
162965324
162965323
162965324
162965323
68267606
68267606
68267607
68267607
166106454
166106454
166106453
166106453
146084706
146084705
146084706
146084705
77292238
77292238
77292237
77292237
59761206
59761205
59761206
59761205
100971448
100971447
100971448
100971447
176441544
176441544
176441543
176441543
36707322
36707322
36707323
36707323
194529468
194529468
194529467
194529467
186384756
186384755
186384756
186384755
172645336
172645336
172645335
172645335
109378056
109378056
109378057
109378057
83216600
83216601
83216600
83216601
176051916
176051916
176051915
176051915
139392304
139392304
139392303
139392303
155881126
155881125
155881126
155881125
124548800
124548799
124548800
124548799
178375616
178375616
178375617
178375617
190476028
190476028
190476029
190476029
193047192
193047192
193047191
193047191
103753514
103753514
103753515
103753515
145293658
145293659
145293658
145293659
199073912
199073912
199073911
199073911
84363520
84363519
84363520
84363519
85782838
85782837
85782838
85782837
110834422
110834422
110834421
110834421
165350344
165350343
165350344
165350343
164249504
164249505
164249504
164249505
58409018
58409018
58409017
58409017
156531704
156531705
156531704
156531705
79970538
79970539
79970538
79970539
182184224
182184224
182184223
182184223
91968836
91968835
91968836
91968835
183433968
183433968
183433969
183433969
185251990
185251990
185251989
185251989
172122436
172122436
172122437
172122437
197866204
197866203
197866204
197866203
180143022
180143022
180143023
180143023
159778570
159778569
159778570
159778569
103094828
103094828
103094827
103094827
166144380
166144380
166144379
166144379
125022046
125022045
125022046
125022045
133757930
133757930
133757931
133757931
151850410
151850410
151850411
151850411
78019716
78019715
78019716
78019715
128751176
128751175
128751176
128751175
100466098
100466097
100466098
100466097
80244920
80244920
80244921
80244921
158814120
158814119
158814120
158814119
6440958
6440959
6440958
6440959
69673148
69673148
69673149
69673149
199605820
199605821
199605820
199605821
146703774
146703773
146703774
146703773
158683396
158683397
158683396
158683397
95721264
95721264
95721263
95721263
123206166
123206167
123206166
123206167
129195642
129195643
129195642
129195643
147578276
147578275
147578276
147578275
133764158
133764158
133764159
133764159
159753676
159753677
159753676
159753677
163649134
163649134
163649133
163649133
116181026
116181026
116181027
116181027
184421538
184421537
184421538
184421537
70027398
70027398
70027397
70027397
117810878
117810878
117810879
117810879
153668704
153668704
153668703
153668703
192291574
192291575
192291574
192291575
169602426
169602426
169602427
169602427
198063092
198063092
198063091
198063091
91619928
91619927
91619928
91619927
197786130
197786130
197786131
197786131
64485062
64485061
64485062
64485061
116508436
116508435
116508436
116508435
170851466
170851466
170851467
170851467
146056844
146056844
146056843
146056843
94599352
94599352
94599351
94599351
44545808
44545807
44545808
44545807
199179768
199179769
199179768
199179769
129733362
129733361
129733362
129733361
118968146
118968146
118968147
118968147
109981144
109981143
109981144
109981143
124157402
124157401
124157402
124157401
187949854
187949854
187949853
187949853
107370572
107370571
107370572
107370571
155905158
155905157
155905158
155905157
134749666
134749666
134749667
134749667
181563804
181563804
181563803
181563803
189195150
189195149
189195150
189195149
138462792
138462792
138462793
138462793
99994886
99994887
99994886
99994887
111273908
111273908
111273909
111273909
161343322
161343321
161343322
161343321
120785496
120785495
120785496
120785495
140926716
140926715
140926716
140926715
116338806
116338806
116338807
116338807
144568018
144568017
144568018
144568017
104034850
104034850
104034849
104034849
132584272
132584271
132584272
132584271
188566494
188566495
188566494
188566495
152150242
152150243
152150242
152150243
177169374
177169373
177169374
177169373
161648992
161648992
161648993
161648993
23341278
23341277
23341278
23341277
130642758
130642758
130642759
130642759
144524750
144524749
144524750
144524749
111301254
111301254
111301255
111301255
142042002
142042003
142042002
142042003
75976422
75976421
75976422
75976421
172766764
172766764
172766765
172766765
83167628
83167629
83167628
83167629
145573456
145573457
145573456
145573457
177412822
177412822
177412821
177412821
175872330
175872330
175872331
175872331
152418122
152418121
152418122
152418121
136813050
136813050
136813049
136813049
142364532
142364533
142364532
142364533
142086828
142086827
142086828
142086827
83833696
83833696
83833697
83833697
182238106
182238107
182238106
182238107
129570084
129570084
129570085
129570085
106116166
106116167
106116166
106116167
168157256
168157257
168157256
168157257
77283106
77283106
77283107
77283107
94547218
94547218
94547217
94547217
137050516
137050516
137050515
137050515
183524784
183524783
183524784
183524783
78699918
78699919
78699918
78699919
138783046
138783045
138783046
138783045
63248710
63248710
63248711
63248711
138139888
138139888
138139889
138139889
75373466
75373466
75373467
75373467
196999008
196999007
196999008
196999007
177640918
177640919
177640918
177640919
161505822
161505823
161505822
161505823
174451030
174451031
174451030
174451031
74165824
74165825
74165824
74165825
149362930
149362929
149362930
149362929
134369386
134369386
134369387
134369387
184088102
184088102
184088103
184088103
112931860
112931859
112931860
112931859
151752218
151752218
151752219
151752219
108447660
108447659
108447660
108447659
120630780
120630780
120630781
120630781
100921090
100921091
100921090
100921091
47724696
47724697
47724696
47724697
80192388
80192387
80192388
80192387
82954950
82954950
82954949
82954949
180981518
180981518
180981517
180981517
66298758
66298758
66298757
66298757
177509252
177509252
177509253
177509253
166357010
166357009
166357010
166357009
189574942
189574942
189574941
189574941
75770418
75770419
75770418
75770419
132279090
132279091
132279090
132279091
98100894
98100895
98100894
98100895
78622136
78622135
78622136
78622135
103356094
103356094
103356095
103356095
199034260
199034259
199034260
199034259
53447462
53447461
53447462
53447461
130537166
130537166
130537165
130537165
69409692
69409692
69409691
69409691
160693308
160693309
160693308
160693309
158575038
158575038
158575037
158575037
165123066
165123066
165123067
165123067
137384310
137384310
137384311
137384311
120327582
120327581
120327582
120327581
101970488
101970487
101970488
101970487
135091830
135091829
135091830
135091829
188027162
188027161
188027162
188027161
128101732
128101732
128101731
128101731
173012636
173012636
173012635
173012635
123044890
123044890
123044889
123044889
107568448
107568447
107568448
107568447
167169456
167169457
167169456
167169457
60823152
60823152
60823151
60823151
152367108
152367107
152367108
152367107
123973914
123973915
123973914
123973915
140156756
140156756
140156757
140156757
164807486
164807486
164807485
164807485
18151026
18151026
18151025
18151025
72760472
72760472
72760473
72760473
177950962
177950961
177950962
177950961
112131652
112131651
112131652
112131651
80299226
80299226
80299227
80299227
158921900
158921899
158921900
158921899
80623456
80623456
80623457
80623457
137117710
137117710
137117709
137117709
189694574
189694574
189694575
189694575
108868430
108868431
108868430
108868431
173722620
173722621
173722620
173722621
79815848
79815847
79815848
79815847
129553880
129553880
129553881
129553881
98437714
98437714
98437713
98437713
157854772
157854773
157854772
157854773
118752224
118752224
118752223
118752223
59757920
59757920
59757919
59757919
67772836
67772835
67772836
67772835
25249638
25249638
25249639
25249639
96283816
96283815
96283816
96283815
93232080
93232079
93232080
93232079
186428118
186428119
186428118
186428119
26128456
26128455
26128456
26128455
188214862
188214862
188214863
188214863
190852196
190852195
190852196
190852195
144181066
144181066
144181067
144181067
154320404
154320403
154320404
154320403
125479784
125479784
125479785
125479785
182402180
182402180
182402179
182402179
166467430
166467430
166467429
166467429
152041400
152041399
152041400
152041399
187619878
187619878
187619879
187619879
125783716
125783716
125783717
125783717
69067502
69067502
69067503
69067503
173007228
173007228
173007229
173007229
89136718
89136718
89136719
89136719
191087174
191087173
191087174
191087173
23823974
23823975
23823974
23823975
133615312
133615313
133615312
133615313
98585614
98585613
98585614
98585613
128243696
128243695
128243696
128243695
169905246
169905245
169905246
169905245
129828334
129828334
129828335
129828335
159209084
159209083
159209084
159209083
179576300
179576301
179576300
179576301
71479238
71479238
71479237
71479237
32389226
32389226
32389225
32389225
123109002
123109003
123109002
123109003
199289040
199289040
199289039
199289039
155125078
155125078
155125079
155125079
194576370
194576369
194576370
194576369
64262394
64262395
64262394
64262395
166919804
166919804
166919803
166919803
153051996
153051997
153051996
153051997
96218744
96218745
96218744
96218745
160736432
160736432
160736433
160736433
109243898
109243897
109243898
109243897
198233918
198233918
198233919
198233919
198076714
198076713
198076714
198076713
133585856
133585856
133585855
133585855
146276140
146276140
146276139
146276139
195472730
195472730
195472731
195472731
120868400
120868401
120868400
120868401
104031232
104031232
104031233
104031233
41089812
41089813
41089812
41089813
162925416
162925417
162925416
162925417
141012674
141012675
141012674
141012675
177794362
177794361
177794362
177794361
157678498
157678498
157678497
157678497
67552802
67552802
67552803
67552803
179943086
179943086
179943087
179943087
195226092
195226093
195226092
195226093
178515258
178515257
178515258
178515257
144022226
144022227
144022226
144022227
82134604
82134605
82134604
82134605
90432412
90432412
90432413
90432413
179729326
179729326
179729327
179729327
123949132
123949133
123949132
123949133
68171392
68171392
68171391
68171391
139188814
139188813
139188814
139188813
175180374
175180373
175180374
175180373
117586068
117586068
117586067
117586067
85002190
85002190
85002189
85002189
193341106
193341106
193341107
193341107
100319028
100319027
100319028
100319027
74752582
74752582
74752583
74752583
84814580
84814580
84814581
84814581
116506222
116506222
116506223
116506223
99484938
99484938
99484939
99484939
102009112
102009113
102009112
102009113
174766552
174766552
174766553
174766553
186081738
186081738
186081739
186081739
182592144
182592144
182592145
182592145
179986440
179986440
179986441
179986441
151184700
151184700
151184701
151184701
162581020
162581019
162581020
162581019
104967248
104967247
104967248
104967247
46296884
46296883
46296884
46296883
197944134
197944133
197944134
197944133
22096862
22096863
22096862
22096863
142637154
142637153
142637154
142637153
165785514
165785515
165785514
165785515
156524164
156524163
156524164
156524163
23497578
23497577
23497578
23497577
98353826
98353825
98353826
98353825
128309502
128309503
128309502
128309503
168554428
168554428
168554427
168554427
187161716
187161716
187161717
187161717
188834080
188834080
188834081
188834081
181135408
181135408
181135409
181135409
160703398
160703397
160703398
160703397
100962122
100962122
100962121
100962121
191540566
191540566
191540567
191540567
190577150
190577150
190577149
190577149
167435492
167435493
167435492
167435493
140032588
140032587
140032588
140032587
146019978
146019979
146019978
146019979
122068134
122068134
122068133
122068133
194063198
194063199
194063198
194063199
181639590
181639589
181639590
181639589
91713344
91713344
91713343
91713343
65368286
65368285
65368286
65368285
84416450
84416450
84416451
84416451
135664680
135664680
135664681
135664681
124050678
124050677
124050678
124050677
80543490
80543490
80543489
80543489
62510830
62510829
62510830
62510829
176020306
176020307
176020306
176020307
163182934
163182934
163182933
163182933
183892614
183892614
183892615
183892615
139782432
139782431
139782432
139782431
169687102
169687102
169687101
169687101
59937774
59937774
59937773
59937773
73685254
73685255
73685254
73685255
135214092
135214092
135214091
135214091
134667142
134667141
134667142
134667141
75449390
75449390
75449389
75449389
158342904
158342903
158342904
158342903
98488054
98488054
98488055
98488055
74523064
74523064
74523063
74523063
117440828
117440829
117440828
117440829
48066170
48066169
48066170
48066169
79419252
79419252
79419251
79419251
169549952
169549953
169549952
169549953
104656962
104656962
104656961
104656961
193862580
193862581
193862580
193862581
115721158
115721159
115721158
115721159
123425640
123425640
123425639
123425639
114776598
114776597
114776598
114776597
197689532
197689532
197689533
197689533
149480416
149480416
149480417
149480417
76004946
76004946
76004947
76004947
95776276
95776275
95776276
95776275
91083902
91083901
91083902
91083901
164858284
164858283
164858284
164858283
150804956
150804956
150804955
150804955
152848560
152848560
152848559
152848559
141106300
141106299
141106300
141106299
160273972
160273973
160273972
160273973
95960992
95960993
95960992
95960993
193060936
193060936
193060935
193060935
129861656
129861656
129861655
129861655
137623596
137623596
137623597
137623597
195739320
195739321
195739320
195739321
121066310
121066310
121066311
121066311
104038792
104038793
104038792
104038793
178047176
178047175
178047176
178047175
115472392
115472392
115472391
115472391
192027090
192027091
192027090
192027091
197524142
197524142
197524143
197524143
128883202
128883202
128883203
128883203
193913302
193913303
193913302
193913303
109122600
109122600
109122599
109122599
112116126
112116126
112116125
112116125
85279516
85279515
85279516
85279515
170933670
170933669
170933670
170933669
160587578
160587578
160587579
160587579
160555852
160555851
160555852
160555851
100326560
100326559
100326560
100326559
171135530
171135530
171135529
171135529
114042370
114042370
114042371
114042371
175964672
175964671
175964672
175964671
174871364
174871365
174871364
174871365
156545910
156545910
156545909
156545909
58352014
58352015
58352014
58352015
190183102
190183103
190183102
190183103
132073856
132073856
132073855
132073855
91278998
91278999
91278998
91278999
197971774
197971775
197971774
197971775
64166538
64166538
64166537
64166537
57311420
57311420
57311419
57311419
144685396
144685395
144685396
144685395
86825702
86825703
86825702
86825703
109617210
109617210
109617209
109617209
154127772
154127772
154127771
154127771
167639292
167639293
167639292
167639293
78682604
78682603
78682604
78682603
114198454
114198454
114198455
114198455
177592196
177592196
177592197
177592197
109549472
109549473
109549472
109549473
188622176
188622176
188622175
188622175
160460674
160460675
160460674
160460675
193766934
193766933
193766934
193766933
185046838
185046839
185046838
185046839
165617440
165617440
165617441
165617441
116546820
116546820
116546819
116546819
31011200
31011200
31011199
31011199
101648936
101648936
101648937
101648937
60876390
60876390
60876391
60876391
186855632
186855631
186855632
186855631
27167534
27167533
27167534
27167533
52214028
52214028
52214027
52214027
163561804
163561804
163561803
163561803
92968962
92968962
92968963
92968963
191672826
191672827
191672826
191672827
161562910
161562911
161562910
161562911
172612898
172612899
172612898
172612899
50479472
50479472
50479473
50479473
105711672
105711673
105711672
105711673
199956150
199956151
199956150
199956151
136292512
136292512
136292513
136292513
57103010
57103010
57103009
57103009
122278846
122278845
122278846
122278845
186304072
186304072
186304073
186304073
189651116
189651116
189651117
189651117
140357010
140357010
140357009
140357009
185856514
185856514
185856513
185856513
171524654
171524653
171524654
171524653
86106182
86106183
86106182
86106183
194700440
194700440
194700439
194700439
128325370
128325370
128325371
128325371
183399256
183399256
183399255
183399255
137653512
137653512
137653511
137653511
134299380
134299380
134299379
134299379
116796174
116796174
116796173
116796173
189248116
189248117
189248116
189248117
182940596
182940597
182940596
182940597
182547158
182547159
182547158
182547159
173588290
173588291
173588290
173588291
197088812
197088812
197088811
197088811
173925876
173925877
173925876
173925877
85150958
85150959
85150958
85150959
186084672
186084671
186084672
186084671
102098684
102098684
102098685
102098685
185411318
185411319
185411318
185411319
141488364
141488364
141488365
141488365
110489086
110489085
110489086
110489085
199906224
199906224
199906223
199906223
135355604
135355603
135355604
135355603
100197162
100197161
100197162
100197161
156529728
156529728
156529729
156529729
184791884
184791885
184791884
184791885
85939968
85939969
85939968
85939969
123214352
123214351
123214352
123214351
134539014
134539014
134539013
134539013
107905476
107905476
107905475
107905475
95232194
95232194
95232195
95232195
161893552
161893553
161893552
161893553
194921280
194921280
194921279
194921279
143350418
143350417
143350418
143350417
151690000
151690000
151690001
151690001
113907238
113907237
113907238
113907237
46961448
46961447
46961448
46961447
170480226
170480226
170480227
170480227
167180080
167180080
167180081
167180081
86247260
86247260
86247259
86247259
55905164
55905163
55905164
55905163
154231800
154231801
154231800
154231801
175947502
175947501
175947502
175947501
181776458
181776458
181776459
181776459
138700464
138700464
138700465
138700465
198585796
198585796
198585795
198585795
87588890
87588891
87588890
87588891
69280322
69280321
69280322
69280321
185552424
185552424
185552423
185552423
155771792
155771792
155771793
155771793
129801748
129801749
129801748
129801749
123867198
123867197
123867198
123867197
160849220
160849220
160849221
160849221
121854984
121854983
121854984
121854983
189965384
189965383
189965384
189965383
89496278
89496279
89496278
89496279
161885268
161885268
161885269
161885269
158719390
158719391
158719390
158719391
160694792
160694792
160694791
160694791
116010642
116010641
116010642
116010641
192149200
192149200
192149199
192149199
88036896
88036897
88036896
88036897
186374318
186374319
186374318
186374319
193145978
193145978
193145979
193145979
54409840
54409840
54409839
54409839
192767962
192767963
192767962
192767963
165889320
165889320
165889319
165889319
182943136
182943135
182943136
182943135
109930044
109930043
109930044
109930043
171244864
171244864
171244865
171244865
142759496
142759496
142759495
142759495
97108482
97108482
97108481
97108481
69062938
69062938
69062937
69062937
185400244
185400244
185400243
185400243
191442252
191442251
191442252
191442251
95822156
95822156
95822157
95822157
127900634
127900635
127900634
127900635
185401986
185401986
185401985
185401985
65912798
65912798
65912799
65912799
177627200
177627201
177627200
177627201
178479140
178479140
178479139
178479139
158921490
158921490
158921489
158921489
165576646
165576647
165576646
165576647
176227130
176227130
176227129
176227129
198213808
198213807
198213808
198213807
33249558
33249559
33249558
33249559
183785076
183785077
183785076
183785077
160842556
160842556
160842557
160842557
105909004
105909004
105909005
105909005
168461774
168461775
168461774
168461775
138280340
138280339
138280340
138280339
193913242
193913241
193913242
193913241
110002156
110002157
110002156
110002157
146763080
146763079
146763080
146763079
161952966
161952966
161952965
161952965
155954864
155954865
155954864
155954865
91242960
91242960
91242959
91242959
170051018
170051017
170051018
170051017
138422432
138422433
138422432
138422433
168924184
168924184
168924183
168924183
94645530
94645530
94645531
94645531
58657782
58657783
58657782
58657783
133605448
133605449
133605448
133605449
119615528
119615529
119615528
119615529
177869648
177869649
177869648
177869649
114505072
114505072
114505073
114505073
190368778
190368779
190368778
190368779
116384438
116384438
116384439
116384439
169515518
169515517
169515518
169515517
178800298
178800297
178800298
178800297
189417640
189417640
189417641
189417641
147351428
147351429
147351428
147351429
163988096
163988096
163988095
163988095
148561120
148561120
148561121
148561121
114977658
114977657
114977658
114977657
114243242
114243241
114243242
114243241
188555962
188555962
188555963
188555963
194629866
194629865
194629866
194629865
172841530
172841530
172841531
172841531
187000436
187000436
187000437
187000437
115682816
115682816
115682815
115682815
153132868
153132868
153132867
153132867
191025274
191025274
191025273
191025273
112265862
112265862
112265861
112265861
81156464
81156464
81156463
81156463
151271054
151271055
151271054
151271055
188972782
188972782
188972781
188972781
194107516
194107516
194107517
194107517
80132830
80132831
80132830
80132831
163030514
163030514
163030513
163030513
135147538
135147539
135147538
135147539
134948004
134948004
134948003
134948003
114439262
114439263
114439262
114439263
187000628
187000628
187000627
187000627
130963822
130963821
130963822
130963821
173739824
173739825
173739824
173739825
171000390
171000390
171000391
171000391
152093442
152093442
152093441
152093441
186337530
186337529
186337530
186337529
80932680
80932681
80932680
80932681
154879544
154879544
154879543
154879543
158440046
158440045
158440046
158440045
122066056
122066057
122066056
122066057
185375586
185375586
185375587
185375587
115977286
115977287
115977286
115977287
157832986
157832986
157832985
157832985
199246718
199246719
199246718
199246719
141447784
141447784
141447783
141447783
69347772
69347773
69347772
69347773
177155594
177155594
177155593
177155593
61100150
61100150
61100149
61100149
95060506
95060506
95060507
95060507
73705698
73705697
73705698
73705697
151686424
151686424
151686423
151686423
112977884
112977885
112977884
112977885
161628464
161628463
161628464
161628463
121807768
121807768
121807767
121807767
144134170
144134171
144134170
144134171
161928448
161928449
161928448
161928449
173644812
173644812
173644813
173644813
166937588
166937587
166937588
166937587
166670898
166670897
166670898
166670897
172839962
172839963
172839962
172839963
128250018
128250017
128250018
128250017
87806114
87806114
87806113
87806113
153334262
153334262
153334263
153334263
93003678
93003678
93003677
93003677
190309768
190309768
190309769
190309769
73014836
73014836
73014835
73014835
171230134
171230133
171230134
171230133
159501650
159501649
159501650
159501649
28203684
28203684
28203683
28203683
132500388
132500388
132500389
132500389
198865540
198865540
198865539
198865539
141784904
141784904
141784905
141784905
176244956
176244956
176244955
176244955
103356052
103356053
103356052
103356053
156829822
156829822
156829821
156829821
7906334
7906334
7906333
7906333
182062272
182062271
182062272
182062271
187952252
187952251
187952252
187952251
170082214
170082213
170082214
170082213
135012616
135012615
135012616
135012615
146592730
146592729
146592730
146592729
116787212
116787212
116787211
116787211
189737200
189737201
189737200
189737201
145496488
145496488
145496489
145496489
176607716
176607715
176607716
176607715
162025238
162025238
162025239
162025239
166497102
166497101
166497102
166497101
193753070
193753069
193753070
193753069
188864250
188864250
188864251
188864251
186769422
186769421
186769422
186769421
186979798
186979798
186979797
186979797
89547640
89547640
89547641
89547641
152437144
152437144
152437145
152437145
161352620
161352621
161352620
161352621
109487856
109487856
109487857
109487857
96788862
96788862
96788861
96788861
199418584
199418584
199418585
199418585
164735944
164735944
164735943
164735943
61898960
61898960
61898961
61898961
181213538
181213538
181213537
181213537
63308472
63308471
63308472
63308471
141079600
141079601
141079600
141079601
118459416
118459417
118459416
118459417
196188968
196188969
196188968
196188969
198505974
198505975
198505974
198505975
44406048
44406048
44406049
44406049
105650324
105650324
105650325
105650325
154436980
154436979
154436980
154436979
157772380
157772379
157772380
157772379
79276944
79276944
79276945
79276945
156690994
156690995
156690994
156690995
197759886
197759887
197759886
197759887
74382908
74382907
74382908
74382907
119161122
119161122
119161123
119161123
166956220
166956220
166956219
166956219
20607260
20607259
20607260
20607259
91353812
91353811
91353812
91353811
117000632
117000632
117000633
117000633
156867352
156867353
156867352
156867353
163731148
163731147
163731148
163731147
173182264
173182265
173182264
173182265
35127226
35127226
35127227
35127227
63223432
63223432
63223433
63223433
123103080
123103080
123103079
123103079
145512490
145512489
145512490
145512489
183851580
183851580
183851579
183851579
160384522
160384522
160384523
160384523
168369056
168369056
168369055
168369055
83514842
83514842
83514841
83514841
152131674
152131673
152131674
152131673
192066158
192066158
192066159
192066159
177194848
177194848
177194849
177194849
179843398
179843399
179843398
179843399
148093488
148093489
148093488
148093489
194319218
194319218
194319219
194319219
173986692
173986693
173986692
173986693
194508344
194508344
194508345
194508345
123472014
123472014
123472013
123472013
162043814
162043813
162043814
162043813
119832214
119832214
119832213
119832213
39033910
39033910
39033911
39033911
114588796
114588796
114588795
114588795
46815456
46815457
46815456
46815457
128692814
128692813
128692814
128692813
74718304
74718304
74718303
74718303
183704914
183704914
183704915
183704915
113344922
113344922
113344923
113344923
183931994
183931994
183931995
183931995
144767108
144767107
144767108
144767107
181278602
181278602
181278603
181278603
127078786
127078786
127078785
127078785
159294872
159294871
159294872
159294871
159151186
159151186
159151185
159151185
110981884
110981885
110981884
110981885
45224428
45224427
45224428
45224427
168729256
168729256
168729255
168729255
127315128
127315128
127315129
127315129
117879508
117879507
117879508
117879507
138237580
138237580
138237579
138237579
58068290
58068289
58068290
58068289
188990688
188990688
188990689
188990689
43369332
43369331
43369332
43369331
180630772
180630773
180630772
180630773
61179558
61179559
61179558
61179559
164394064
164394063
164394064
164394063
84050302
84050302
84050301
84050301
171988658
171988658
171988657
171988657
139299466
139299466
139299465
139299465
124292486
124292486
124292487
124292487
168001568
168001568
168001569
168001569
122757210
122757210
122757209
122757209
93239694
93239694
93239695
93239695
165439780
165439780
165439779
165439779
193255172
193255172
193255171
193255171
131783784
131783784
131783783
131783783
147032182
147032181
147032182
147032181
198525804
198525804
198525803
198525803
161391734
161391734
161391735
161391735
93000750
93000751
93000750
93000751
117230278
117230277
117230278
117230277
125055630
125055630
125055631
125055631
170143300
170143300
170143299
170143299
153069724
153069724
153069725
153069725
198618446
198618446
198618445
198618445
175382110
175382109
175382110
175382109
139763620
139763620
139763621
139763621
131746842
131746841
131746842
131746841
71054024
71054025
71054024
71054025
117368188
117368188
117368189
117368189
141803658
141803657
141803658
141803657
110498288
110498289
110498288
110498289
168016194
168016195
168016194
168016195
161706376
161706375
161706376
161706375
87651490
87651489
87651490
87651489
146292060
146292060
146292061
146292061
177664872
177664872
177664871
177664871
92819410
92819409
92819410
92819409
178938976
178938976
178938975
178938975
39802220
39802219
39802220
39802219
98688722
98688721
98688722
98688721
172805434
172805433
172805434
172805433
158876894
158876895
158876894
158876895
165970400
165970401
165970400
165970401
197521972
197521973
197521972
197521973
148476336
148476337
148476336
148476337
117620574
117620574
117620575
117620575
168999492
168999491
168999492
168999491
127356646
127356647
127356646
127356647
184713854
184713855
184713854
184713855
198249052
198249052
198249053
198249053
115533568
115533568
115533567
115533567
20863854
20863854
20863853
20863853
187757320
187757320
187757319
187757319
147783178
147783178
147783177
147783177
158589774
158589775
158589774
158589775
90556118
90556117
90556118
90556117
121190962
121190962
121190961
121190961
